 <pre>

 Contingency table for Cloud base (m)
 Selection: ALL    684 stations
Period: 20211208-20220117
Used {All hours} + 00 01 ... 09
 Limits    70.0000000       150.000000       300.000000       600.000000       1000.00000       1500.00000       2500.00000       5000.00000    
 Each class is data <= limit, the very last > last limit
 Total number of values     4252241
                                                       OBSERVATION
                                 157276   111884    41036    16642     7539     4962     2393     1914    20036 |    363682
                                  51574    99877    68954    20056     7843     3849     2022     1878     5849 |    261902
                                  40521   127419   198648    79344    18632     6552     2809     4674     8180 |    486779
                                  23874    65035   199309   261153    76600    18663     5768    11168    16565 |    678135
                    mnwc_preop    10805    22595    57737   121833   135740    42094     8391    11072    17824 |    428091
                                   4126     9394    27367    48768    59611    55911    12189     6926    12837 |    237129
                                   2032     5487    17194    27642    24933    25214    26190     8293     6488 |    143473
                                   2515     4884    14051    23709    19225    14140    22757    46767    11670 |    159718
                                  39088    52287    89812   151416   147234   109850    88383   136369   678893 |   1493332

                    SUM          331811   498862   714108   750563   497357   281235   170902   229061   778342 |   4252241
                                                       OBSERVATION
                                 143357    98356    35520    14474     6221     3447     1850     1745    20404 |    325374
                                  52819    94439    60319    17307     6297     2670     1662     1573     6929 |    244015
                                  44524   132993   191245    71435    16392     5579     2618     4045     9491 |    478322
                                  27841    70608   206722   258422    72895    17339     5420    10262    16625 |    686134
                 mnwc_pysurfex    13166    25814    61062   124568   136119    41321     8246    10641    17955 |    438892
                                   5969    12350    31181    52314    61600    57959    12609     6978    12713 |    253673
                                   2808     7023    20121    31130    27012    26998    27376     8545     6763 |    157776
                                   3252     5940    16081    26266    20780    15271    23571    47312    11958 |    170431
                                  38075    51339    91857   154647   150041   110651    87550   137960   675504 |   1497624

                    SUM          331811   498862   714108   750563   497357   281235   170902   229061   778342 |   4252241

