 <pre>

 Contingency table for Low clouds (octas)
 Selection: ALL    649 stations
Period: 20211208-20220117
Used {All hours} + 00 01 ... 09
 Limits    1.00000000       2.00000000       3.00000000       4.00000000       5.00000000       6.00000000       7.00000000    
 Each class is data <= limit, the very last > last limit
 Total number of values     4285551
                                              OBSERVATION
                                 914845    49388    44243    32816    36493    36690    89741   178133 |   1382349
                                  36734     6765     6784     5648     6526     6889    17790    33525 |    120661
                                  24121     5368     5247     4302     5065     5590    14218    27686 |     91597
                    mnwc_preop    19949     4699     4792     3795     4814     5050    13137    25572 |     81808
                                  17549     4575     4808     3791     4863     5274    13384    27735 |     81979
                                  17797     5030     5341     4058     5344     6185    16150    34667 |     94572
                                  23087     7429     7677     6233     7983     9521    25556    60127 |    147613
                                 125584    61711    75821    59946    83866   104471   390347  1383226 |   2284972

                    SUM         1179666   144965   154713   120589   154954   179670   580323  1770671 |   4285551
                                              OBSERVATION
                                 900247    49639    44324    32894    36243    37103    87720   170762 |   1358932
                                  38413     7021     6993     5730     6623     7127    18744    35699 |    126350
                                  26366     5437     5456     4369     5372     5705    14767    28995 |     96467
                 mnwc_pysurfex    21068     4891     5029     3952     4990     5204    13797    27805 |     86736
                                  19587     4849     5068     4070     5210     5621    14630    30673 |     89708
                                  19363     5222     5632     4396     5746     6555    17148    37693 |    101755
                                  25122     7710     8226     6469     8649    10119    27546    65035 |    158876
                                 129500    60196    73985    58709    82121   102236   385971  1374009 |   2266727

                    SUM         1179666   144965   154713   120589   154954   179670   580323  1770671 |   4285551

