 <pre>

 Contingency table for Cloud cover (octas)
 Selection: ALL    419 stations
Period: 20211208-20220117
Used {All hours} + 00 01 ... 09
 Limits   0.500000000       1.50000000       2.50000000       3.50000000       4.50000000       5.50000000       6.50000000       7.50000000    
 Each class is data <= limit, the very last > last limit
 Total number of values     2380989
                                                       OBSERVATION
                                 170654    25938    17250    11569     7506     8316    10733    19142    27949 |    299057
                                  15025     4258     4813     3815     2469     3737     5478    10921    18501 |     69017
                                   7236     2318     2598     2141     1597     2415     3611     7675    13875 |     43466
                                   5502     1916     2150     1904     1355     2087     3093     6693    12683 |     37383
                    mnwc_preop     4862     1704     1922     1837     1257     1971     3123     6828    13381 |     36885
                                   4580     1619     1820     1722     1319     2056     3278     7735    15623 |     39752
                                   5103     1922     2118     2083     1601     2315     3962     9840    21537 |     50481
                                   7338     2878     2949     2987     2457     3770     6388    17491    41471 |     87729
                                  40852    16006    13259    15861    13905    24763    40307   295428  1256838 |   1717219

                    SUM          261152    58559    48879    43919    33466    51430    79973   381753  1421858 |   2380989
                                                       OBSERVATION
                                 170878    26144    17027    11503     7497     8228    10355    18628    27232 |    297492
                                  14670     4317     4758     3745     2478     3662     5544    11096    18912 |     69182
                                   7266     2330     2720     2203     1600     2467     3674     7874    14342 |     44476
                                   5608     1968     2211     1966     1315     2089     3223     6910    13123 |     38413
                 mnwc_pysurfex     4809     1740     1964     1874     1261     2035     3136     6988    14222 |     38029
                                   4823     1738     1971     1797     1381     2304     3424     8201    17234 |     42873
                                   5175     1936     2175     2134     1671     2474     4114    10658    23883 |     54220
                                   7361     2947     3030     3179     2609     3829     6728    18898    45464 |     94045
                                  40562    15439    13023    15518    13654    24342    39775   292500  1247446 |   1702259

                    SUM          261152    58559    48879    43919    33466    51430    79973   381753  1421858 |   2380989

