 <pre>

 Contingency table for U10m (m/s)
 Selection: ALL   1015 stations
Period: 20211208-20220117
Used {All hours} + 00 01 ... 09
 Limits    1.50000000       3.29999995       5.50000000       8.00000000       10.8000002       13.8999996       24.5000000    
 Each class is data <= limit, the very last > last limit
 Total number of values     8315996
                                              OBSERVATION
                                 835184   261277    35845     6738      958       33        2        0 |   1140037
                                 675562  1175820   318810    43713    10448     1471       19        0 |   2225843
                                 123746   786895  1028991   274432    34695     9057      684        0 |   2258500
                    mnwc_preop    18806   119783   496236   630693   161471    23444     4513        0 |   1454946
                                   3336    16863    72550   252640   298882   112351    14334        0 |    770956
                                     85     1428     9508    33998    93273   149288    57064        1 |    344645
                                      4       36      464     3661     9598    31308    74932      936 |    120939
                                      0        0        0        0        0        3       71       56 |       130

                    SUM         1656723  2362102  1962404  1245875   609325   326955   151619      993 |   8315996
                                              OBSERVATION
                                 694890   190075    28266     5411      841       29        0        0 |    919512
                                 779218  1139550   270219    37469     8893     1212       21        0 |   2236582
                                 157121   879961  1050363   261351    33389     8501      544        0 |   2391230
                 mnwc_pysurfex    21746   133022   526621   641522   158798    23124     4434        0 |   1509267
                                   3636    17924    76635   261534   303002   111475    14152        0 |    788358
                                    108     1531     9809    34842    94675   150771    56962        2 |    348700
                                      4       39      491     3746     9727    31839    75434      937 |    122217
                                      0        0        0        0        0        4       72       54 |       130

                    SUM         1656723  2362102  1962404  1245875   609325   326955   151619      993 |   8315996

